     3.           ????     4.         ??????     5.            ???
??    5  12 19 26          2  9  16 23 30       7  14 21 28       
??    6  13 20 27          3  10 17 24       1  8  15 22 29       
??    7  14 21 28          4  11 18 25       2  9  16 23 30       
?? 1  8  15 22 29          5  12 19 26       3  10 17 24 31       
?? 2  9  16 23 30          6  13 20 27       4  11 18 25          
?? 3  10 17 24 31          7  14 21 28       5  12 19 26          
?? 4  11 18 25          1  8  15 22 29       6  13 20 27          


     6.????                7.????                8.??????         
??    4  11 18 25          2  9  16 23 30       6  13 20 27       
??    5  12 19 26          3  10 17 24 31       7  14 21 28       
??    6  13 20 27          4  11 18 25       1  8  15 22 29       
??    7  14 21 28          5  12 19 26       2  9  16 23 30       
?? 1  8  15 22 29          6  13 20 27       3  10 17 24 31       
?? 2  9  16 23 30          7  14 21 28       4  11 18 25          
?? 3  10 17 24          1  8  15 22 29       5  12 19 26          


     9.????????            10.???????             11.??????         
??    3  10 17 24       1  8  15 22 29          5  12 19 26       
??    4  11 18 25       2  9  16 23 30          6  13 20 27       
??    5  12 19 26       3  10 17 24 31          7  14 21 28       
??    6  13 20 27       4  11 18 25          1  8  15 22 29       
??    7  14 21 28       5  12 19 26          2  9  16 23 30       
?? 1  8  15 22 29       6  13 20 27          3  10 17 24          
?? 2  9  16 23 30       7  14 21 28          4  11 18 25          


     12.???????             1.??????              2.???????        
??    3  10 17 24 31       7  14 21 28          4  11 18 25       
??    4  11 18 25       1  8  15 22 29          5  12 19 26       
??    5  12 19 26       2  9  16 23 30          6  13 20 27       
??    6  13 20 27       3  10 17 24 31          7  14 21 28       
??    7  14 21 28       4  11 18 25          1  8  15 22          
?? 1  8  15 22 29       5  12 19 26          2  9  16 23          
?? 2  9  16 23 30       6  13 20 27          3  10 17 24          


